1 20 1135
2 189 989
3 53 806
4 56 738
5 18 714
6 11 687
7 183 681
8 175 662
9 39 658
10 94 637
11 167 618
12 84 607
13 142 562
14 52 447
15 209 396
16 259 394
17 171 387
18 199 367
18 191 367
18 164 367
18 111 367
18 27 367
23 54 362
24 208 359
25 50 325
26 229 321
27 119 319
28 218 300
29 57 278
30 30 274
31 90 267
32 137 266
33 114 264
33 75 264
35 131 252
36 19 243
37 274 239
38 143 232
39 144 217
40 77 211
41 48 197
42 177 195
42 159 195
44 285 171
45 198 169
46 100 168
47 203 165
48 146 156
49 200 151
50 147 148
51 277 143
52 195 127
52 179 127
52 154 127
52 46 127
56 222 125
57 138 102
57 115 102
59 153 101
60 63 93
61 173 92
62 242 90
63 238 76
64 133 70
64 123 70
66 118 65
67 60 61
67 13 61
69 288 57
-1 -1 -1
